 ***   MARINI S.p.A.                                         @(***  Rapporto Di Produzione ***)                                       02/04/09  ***
 _______________________________________________________________________________________________________________________________________________
|                                                                                                                                               |
| ***  Società Cooperativa Braccianti Riminese - Impianto Conglomerati Bituminosi Cava Pianetta Pietracuta                                 ***  |
|_______________________________________________________________________________________________________________________________________________|
|  @(Nome Ricetta ........:)                    BI018 50/7 V   ***   @(Nome Ricetta Predosaggio.......:)                           BI018              |
|  @(Descrizione Job .....:)                     CBR Cavalli   ***   @(Operatore .....................:)********************************              |
|_______________________________________________________________________________________________________________________________________________|
@(|Tonn.|  Ora   |)SL|A1  |A2  |A3  |A4  |A5  |A6  |A7  |A8  |F1   |F2   |L1   |L2   |L1   |L2   |VIAT.|A_Mx |B_Mx |A_LA |S.| T. |- % |F/L |Mix|UEs|
|_____|________|__|____|____|____|____|____|____|____|____|_____|_____|_____|_____|_____|_____|_____|_____|_____|_____|__|____|____|____|___|___|
| 35,0|13.00.24| 1|                                                                                                   |  |    |    |    |   |   |
| @(Teor. Di Dos. Kg)|   0| 969| 719| 457| 457|   0|   0|   0|166,0|  0,0|132,8|  0,0|  0,0|  0,0| 0,00|  0,0|  0,0|  0,0| 0|2,90|   0| 1,2|   |175|
|  @(Teor. Di Dos. %)| 0,0|35,0|26,0|16,5|16,5| 0,0| 0,0| 0,0|  6,0|  0,0|  4,8|  0,0|  0,0|  0,0| 0,00|  0,0|  0,0|  0,0|  |    |    |    |   |   |
|    @(Errore Max. %)| 0,0|10,0| 0,0|10,0|10,0| 0,0| 0,0| 0,0|  1,5|  0,0|  1,0|  0,0|  0,0|  0,0| 0,00|     |     |     |  |    |    |    |   |   |
|       @(In Parall.)|    |    |    |****|****|    |    |    |     |     |     |     |     |     |     |     |     |     |  |    |    |    |   |   |
|_______________________________________________________________________________________________________________________________________________|
|  2,9|13.01.38|  |-----------------------------------------------------------------------------------------------------------------------------|
| @(Reali Di Dos. Kg)|   0| 992| 688| 444| 444|   0|   0|   0|170,7|  0,0|135,8|  0,0|  0,0|  0,0| 0,00|  0,0|  0,0|  0,0| 0|2,87|    | 1,3|   |   |
|  @(Reali Di Dos. %)| 0,0|36,2|25,1|16,2|16,2| 0,0| 0,0| 0,0|  6,2|  0,0|  5,0|  0,0|  0,0|  0,0| 0,00|  0,0|  0,0|  0,0|  |    |    |    |   |   |
|  @(Errore Totale %)| 0,0| 1,2|-0,9|-0,3|-0,3| 0,0| 0,0| 0,0|  0,2|  0,0|  0,2|  0,0|  0,0|  0,0| 0,00|  0,0|  0,0|  0,0|  |    |    |    |   |   |
|   @(Temp. Tram. *C)| 179| 181|----|----|----|----|----|----|     |     |  157|  146|-----|-----|     |     |     |     |  |    |    |    |161|192|
|  5,8|13.02.23|  |-----------------------------------------------------------------------------------------------------------------------------|
| @(Reali Di Dos. Kg)|   0| 991| 684| 450| 450|   0|   0|   0|174,1|  0,0|132,1|  0,0|  0,0|  0,0| 0,00|  0,0|  0,0|  0,0| 0|2,88|    | 1,3|   |   |
|  @(Reali Di Dos. %)| 0,0|36,0|24,9|16,4|16,4| 0,0| 0,0| 0,0|  6,3|  0,0|  4,8|  0,0|  0,0|  0,0| 0,00|  0,0|  0,0|  0,0|  |    |    |    |   |   |
|  @(Errore Totale %)| 0,0| 1,0|-1,1|-0,1|-0,1| 0,0| 0,0| 0,0|  0,3|  0,0|  0,0|  0,0|  0,0|  0,0| 0,00|  0,0|  0,0|  0,0|  |    |    |    |   |   |
|   @(Temp. Tram. *C)| 182| 184|----|----|----|----|----|----|     |     |  157|  146|-----|-----|     |     |     |     |  |    |    |    |177|198|
|  8,6|13.03.08|  |-----------------------------------------------------------------------------------------------------------------------------|
| @(Reali Di Dos. Kg)|   0| 968| 696| 455| 455|   0|   0|   0|184,3|  0,0|133,6|  0,0|  0,0|  0,0| 0,00|  0,0|  0,0|  0,0| 0|2,89|    | 1,4|   |   |
|  @(Reali Di Dos. %)| 0,0|35,1|25,2|16,5|16,5| 0,0| 0,0| 0,0|  6,7|  0,0|  4,8|  0,0|  0,0|  0,0| 0,00|  0,0|  0,0|  0,0|  |    |    |    |   |   |
|  @(Errore Totale %)| 0,0| 0,1|-0,8|-0,0|-0,0| 0,0| 0,0| 0,0|  0,7|  0,0|  0,0|  0,0|  0,0|  0,0| 0,00|  0,0|  0,0|  0,0|  |    |    |    |   |   |
|   @(Temp. Tram. *C)| 186| 187|----|----|----|----|----|----|     |     |  157|  146|-----|-----|     |     |     |     |  |    |    |    |178|201|
| 11,5|13.03.55|  |-----------------------------------------------------------------------------------------------------------------------------|
| @(Reali Di Dos. Kg)|   0| 973| 688| 453| 453|   0|   0|   0|156,5|  0,0|132,2|  0,0|  0,0|  0,0| 0,00|  0,0|  0,0|  0,0| 0|2,86|    | 1,2|   |   |
|  @(Reali Di Dos. %)| 0,0|35,7|25,3|16,6|16,6| 0,0| 0,0| 0,0|  5,7|  0,0|  4,9|  0,0|  0,0|  0,0| 0,00|  0,0|  0,0|  0,0|  |    |    |    |   |   |
|  @(Errore Totale %)| 0,0| 0,7|-0,7| 0,1| 0,1| 0,0| 0,0| 0,0| -0,3|  0,0|  0,1|  0,0|  0,0|  0,0| 0,00|  0,0|  0,0|  0,0|  |    |    |    |   |   |
|   @(Temp. Tram. *C)| 187| 189|----|----|----|----|----|----|     |     |  158|  146|-----|-----|     |     |     |     |  |    |    |    |179|198|
| 14,4|13.04.38|  |-----------------------------------------------------------------------------------------------------------------------------|
| @(Reali Di Dos. Kg)|   0| 980| 693| 455| 455|   0|   0|   0|167,4|  0,0|129,9|  0,0|  0,0|  0,0| 0,00|  0,0|  0,0|  0,0| 0|2,88|    | 1,3|   |   |
|  @(Reali Di Dos. %)| 0,0|35,6|25,2|16,5|16,5| 0,0| 0,0| 0,0|  6,1|  0,0|  4,7|  0,0|  0,0|  0,0| 0,00|  0,0|  0,0|  0,0|  |    |    |    |   |   |
|  @(Errore Totale %)| 0,0| 0,6|-0,8| 0,0| 0,0| 0,0| 0,0| 0,0|  0,1|  0,0| -0,1|  0,0|  0,0|  0,0| 0,00|  0,0|  0,0|  0,0|  |    |    |    |   |   |
|   @(Temp. Tram. *C)| 192| 194|----|----|----|----|----|----|     |     |  157|  146|-----|-----|     |     |     |     |  |    |    |    |180|191|
| 17,2|13.05.22|  |-----------------------------------------------------------------------------------------------------------------------------|
| @(Reali Di Dos. Kg)|   0| 961| 683| 460| 460|   0|   0|   0|159,2|  0,0|131,9|  0,0|  0,0|  0,0| 0,00|  0,0|  0,0|  0,0| 0|2,86|    | 1,2|   |   |
|  @(Reali Di Dos. %)| 0,0|35,3|25,1|16,9|16,9| 0,0| 0,0| 0,0|  5,8|  0,0|  4,8|  0,0|  0,0|  0,0| 0,00|  0,0|  0,0|  0,0|  |    |    |    |   |   |
|  @(Errore Totale %)| 0,0| 0,3|-0,9| 0,4| 0,4| 0,0| 0,0| 0,0| -0,2|  0,0|  0,0|  0,0|  0,0|  0,0| 0,00|  0,0|  0,0|  0,0|  |    |    |    |   |   |
|   @(Temp. Tram. *C)| 195| 198|----|----|----|----|----|----|     |     |  157|  146|-----|-----|     |     |     |     |  |    |    |    |183|183|
| 20,1|13.06.07|  |-----------------------------------------------------------------------------------------------------------------------------|
| @(Reali Di Dos. Kg)|   0| 966| 685| 440| 440|   0|   0|   0|161,2|  0,0|129,8|  0,0|  0,0|  0,0| 0,00|  0,0|  0,0|  0,0| 0|2,82|    | 1,2|   |   |
|  @(Reali Di Dos. %)| 0,0|35,9|25,4|16,3|16,3| 0,0| 0,0| 0,0|  6,0|  0,0|  4,8|  0,0|  0,0|  0,0| 0,00|  0,0|  0,0|  0,0|  |    |    |    |   |   |
|  @(Errore Totale %)| 0,0| 0,9|-0,5|-0,2|-0,2| 0,0| 0,0| 0,0| -0,0|  0,0|  0,0|  0,0|  0,0|  0,0| 0,00|  0,0|  0,0|  0,0|  |    |    |    |   |   |
|   @(Temp. Tram. *C)| 198| 198|----|----|----|----|----|----|     |     |  157|  146|-----|-----|     |     |     |     |  |    |    |    |183|180|
| 22,9|13.06.57|  |-----------------------------------------------------------------------------------------------------------------------------|
| @(Reali Di Dos. Kg)|   0| 973| 691| 449| 449|   0|   0|   0|163,2|  0,0|131,8|  0,0|  0,0|  0,0| 0,00|  0,0|  0,0|  0,0| 0|2,86|    | 1,2|   |   |
|  @(Reali Di Dos. %)| 0,0|35,7|25,4|16,5|16,5| 0,0| 0,0| 0,0|  6,0|  0,0|  4,8|  0,0|  0,0|  0,0| 0,00|  0,0|  0,0|  0,0|  |    |    |    |   |   |
|  @(Errore Totale %)| 0,0| 0,7|-0,6|-0,0|-0,0| 0,0| 0,0| 0,0| -0,0|  0,0|  0,0|  0,0|  0,0|  0,0| 0,00|  0,0|  0,0|  0,0|  |    |    |    |   |   |
|   @(Temp. Tram. *C)| 200| 200|----|----|----|----|----|----|     |     |  158|  146|-----|-----|     |     |     |     |  |    |    |    |180|182|
| 25,8|13.08.02|  |-----------------------------------------------------------------------------------------------------------------------------|
| @(Reali Di Dos. Kg)|   0| 974| 693| 456| 456|   0|   0|   0|166,2|  0,0|130,1|  0,0|  0,0|  0,0| 0,00|  0,0|  0,0|  0,0| 0|2,88|    | 1,3|   |   |
|  @(Reali Di Dos. %)| 0,0|35,5|25,2|16,6|16,6| 0,0| 0,0| 0,0|  6,1|  0,0|  4,7|  0,0|  0,0|  0,0| 0,00|  0,0|  0,0|  0,0|  |    |    |    |   |   |
|  @(Errore Totale %)| 0,0| 0,5|-0,7| 0,1| 0,1| 0,0| 0,0| 0,0|  0,1|  0,0| -0,1|  0,0|  0,0|  0,0| 0,00|  0,0|  0,0|  0,0|  |    |    |    |   |   |
|   @(Temp. Tram. *C)| 201| 201|----|----|----|----|----|----|     |     |  159|  146|-----|-----|     |     |     |     |  |    |    |    |178|179|
| 28,6|13.08.57|  |-----------------------------------------------------------------------------------------------------------------------------|
| @(Reali Di Dos. Kg)|   0| 957| 689| 455| 455|   0|   0|   0|165,3|  0,0|130,9|  0,0|  0,0|  0,0| 0,00|  0,0|  0,0|  0,0| 0|2,85|    | 1,3|   |   |
|  @(Reali Di Dos. %)| 0,0|35,2|25,3|16,7|16,7| 0,0| 0,0| 0,0|  6,1|  0,0|  4,8|  0,0|  0,0|  0,0| 0,00|  0,0|  0,0|  0,0|  |    |    |    |   |   |
|  @(Errore Totale %)| 0,0| 0,1|-0,7| 0,2| 0,2| 0,0| 0,0| 0,0|  0,1|  0,0|  0,0|  0,0|  0,0|  0,0| 0,00|  0,0|  0,0|  0,0|  |    |    |    |   |   |
|   @(Temp. Tram. *C)| 198| 198|----|----|----|----|----|----|     |     |  159|  146|-----|-----|     |     |     |     |  |    |    |    |177|169|
| 31,6|13.09.41|  |-----------------------------------------------------------------------------------------------------------------------------|
| @(Reali Di Dos. Kg)|   0| 956| 692| 490| 490|   0|   0|   0|182,2|  0,0|134,2|  0,0|  0,0|  0,0| 0,00|  0,0|  0,0|  0,0| 0|2,94|    | 1,4|   |   |
|  @(Reali Di Dos. %)| 0,0|34,0|24,6|17,4|17,4| 0,0| 0,0| 0,0|  6,5|  0,0|  4,8|  0,0|  0,0|  0,0| 0,00|  0,0|  0,0|  0,0|  |    |    |    |   |   |
|  @(Errore Totale %)| 0,0|-1,0|-1,3| 0,9| 0,9| 0,0| 0,0| 0,0|  0,5|  0,0| -0,0|  0,0|  0,0|  0,0| 0,00|  0,0|  0,0|  0,0|  |    |    |    |   |   |
|   @(Temp. Tram. *C)| 196| 196|----|----|----|----|----|----|     |     |  159|  146|-----|-----|     |     |     |     |  |    |    |    |176|161|
| 33,2|13.10.26|  |-----------------------------------------------------------------------------------------------------------------------------|
| @(Reali Di Dos. Kg)|   0| 577| 392| 252| 252|   0|   0|   0|104,0|  0,0| 75,0|  0,0|  0,0|  0,0| 0,00|  0,0|  0,0|  0,0| 0|1,65|    | 1,4|   |   |
|  @(Reali Di Dos. %)| 0,0|36,6|24,9|16,0|16,0| 0,0| 0,0| 0,0|  6,6|  0,0|  4,8|  0,0|  0,0|  0,0| 0,00|  0,0|  0,0|  0,0|  |    |    |    |   |   |
|  @(Errore Totale %)| 0,0| 1,6|-1,2|-0,5|-0,5| 0,0| 0,0| 0,0|  0,6|  0,0| -0,0|  0,0|  0,0|  0,0| 0,00|  0,0|  0,0|  0,0|  |    |    |    |   |   |
|   @(Temp. Tram. *C)| 198| 198|----|----|----|----|----|----|     |     |  159|  146|-----|-----|     |     |     |     |  |    |    |    |171|150|
| 34,9|13.11.06|  |-----------------------------------------------------------------------------------------------------------------------------|
| @(Reali Di Dos. Kg)|   0| 572| 401| 267| 267|   0|   0|   0|108,8|  0,0| 77,7|  0,0|  0,0|  0,0| 0,00|  0,0|  0,0|  0,0| 0|1,69|    | 1,4|   |   |
|  @(Reali Di Dos. %)| 0,0|35,4|24,8|16,5|16,5| 0,0| 0,0| 0,0|  6,7|  0,0|  4,8|  0,0|  0,0|  0,0| 0,00|  0,0|  0,0|  0,0|  |    |    |    |   |   |
|  @(Errore Totale %)| 0,0| 0,4|-1,2| 0,0| 0,0| 0,0| 0,0| 0,0|  0,7|  0,0|  0,0|  0,0|  0,0|  0,0| 0,00|  0,0|  0,0|  0,0|  |    |    |    |   |   |
|   @(Temp. Tram. *C)| 198| 198|----|----|----|----|----|----|     |     |  159|  146|-----|-----|     |     |     |     |  |    |    |    |168|148|
|-----------------------------------------------------   @(REPORT DI FINE PRODUZIONE)  ------------------------------------------------------------|
| 34,9|13.11.06|  |-----------------------------------------------------------------------------------------------------------------------------|
|  @(Totale Prod. Kg)|    0    | 8375    | 5526    |    0    |  2063,1   |  1605,0   |     0,0   |    0,00   |     0,0   |   0   |    |    |   |   |
|  @(Totale Prod. Kg)|    |11840    | 5526    |    0    |    0     |     0,0   |     0,0   |     0,0   |     0,0   |     0,0|    |    |    |   |   |
|  @(Reali Di Dos. %)| 0,0|35,5|25,1|16,6|16,6| 0,0| 0,0| 0,0|  6,2|  0,0|  4,8|  0,0|  0,0|  0,0| 0,00|  0,0|  0,0|  0,0| 0|    |    |    |   |   |
|  @(Errore Totale %)| 0,0| 0,5|-0,9| 0,1| 0,1| 0,0| 0,0| 0,0|  0,2|  0,0|  0,0|  0,0|  0,0|  0,0| 0,00|  0,0|  0,0|  0,0|  |    |    |    |   |   |
|   @(Temp. Tram. *C)| 194| 194|----|----|----|----|----|----|     |     |     |     |     |     |     |     |     |     |  |    |    |    |176|   |
|-----------------------------------------------------------------------------------------------------------------------------------------------|
